[gd_scene load_steps=13 format=3 uid="uid://c2asw3mkforsl"]

[ext_resource type="Texture2D" uid="uid://c8arnlq67qi7" path="res://assets/textures/grids/Dark/texture_05.png" id="1_32p2k"]
[ext_resource type="Texture2D" uid="uid://b58xv1joypxo5" path="res://assets/textures/grids/Orange/texture_09.png" id="2_bmvc4"]
[ext_resource type="Texture2D" uid="uid://cm5m7nr7dugjd" path="res://assets/textures/grids/Purple/texture_09.png" id="3_exb3t"]
[ext_resource type="Texture2D" uid="uid://djg8y25y06h5n" path="res://assets/textures/grids/Green/texture_09.png" id="4_c3r2l"]
[ext_resource type="PackedScene" uid="uid://cgxe03javnvb3" path="res://scenes/player.tscn" id="5_1hpg7"]

[sub_resource type="ProceduralSkyMaterial" id="ProceduralSkyMaterial_5xqmm"]
sky_horizon_color = Color(0.64625, 0.65575, 0.67075, 1)
ground_horizon_color = Color(0.64625, 0.65575, 0.67075, 1)

[sub_resource type="Sky" id="Sky_3bbl7"]
sky_material = SubResource("ProceduralSkyMaterial_5xqmm")

[sub_resource type="Environment" id="Environment_nl8h4"]
background_mode = 2
sky = SubResource("Sky_3bbl7")
tonemap_mode = 2
sdfgi_enabled = true
glow_enabled = true
fog_enabled = true
fog_light_color = Color(1, 1, 1, 1)
fog_density = 0.001

[sub_resource type="StandardMaterial3D" id="StandardMaterial3D_kjuaw"]
albedo_texture = ExtResource("1_32p2k")
uv1_triplanar = true

[sub_resource type="StandardMaterial3D" id="StandardMaterial3D_38wwy"]
albedo_texture = ExtResource("2_bmvc4")

[sub_resource type="StandardMaterial3D" id="StandardMaterial3D_hqmd8"]
albedo_texture = ExtResource("3_exb3t")
uv1_triplanar = true

[sub_resource type="StandardMaterial3D" id="StandardMaterial3D_rig13"]
albedo_texture = ExtResource("4_c3r2l")
uv1_triplanar = true

[node name="world" type="Node3D"]

[node name="DirectionalLight3D" type="DirectionalLight3D" parent="."]
transform = Transform3D(-0.866025, -0.433013, 0.25, 0, 0.5, 0.866025, -0.5, 0.75, -0.433013, 0, 0, 0)
shadow_enabled = true

[node name="WorldEnvironment" type="WorldEnvironment" parent="."]
environment = SubResource("Environment_nl8h4")

[node name="map" type="Node3D" parent="."]

[node name="floor" type="CSGBox3D" parent="map"]
transform = Transform3D(1, 0, 0, 0, 1, 0, 0, 0, 1, 0, -0.5, 0)
material_override = SubResource("StandardMaterial3D_kjuaw")
use_collision = true
size = Vector3(1000, 1, 1000)

[node name="box" type="CSGBox3D" parent="map"]
transform = Transform3D(0.664396, 0, 0.747381, 0, 1, 0, -0.747381, 0, 0.664396, 4.67553, 0.5, 4.12483)
material_override = SubResource("StandardMaterial3D_38wwy")
use_collision = true

[node name="box2" type="CSGBox3D" parent="map"]
transform = Transform3D(0.664396, 0, 0.747381, 0, 1, 0, -0.747381, 0, 0.664396, 4.081, 1, 11.13)
material_override = SubResource("StandardMaterial3D_hqmd8")
use_collision = true
size = Vector3(2, 2, 2)

[node name="box3" type="CSGBox3D" parent="map"]
transform = Transform3D(0.664396, 0, 0.747381, 0, 1, 0, -0.747381, 0, 0.664396, -8.86039, 1.5, 8.21348)
material_override = SubResource("StandardMaterial3D_rig13")
use_collision = true
size = Vector3(3, 3, 3)

[node name="player" parent="." instance=ExtResource("5_1hpg7")]
sense_horizontal = 0.2
sense_vertical = 0.2
